Transport Water N
[   0.          -95.89497484 -252.35069334 -361.30525716 -482.0299801
 -429.36233057 -397.62211931 -339.26675227 -284.09502524 -225.19012488
 -185.09238709 -160.07037024 -142.52623199 -122.41450484 -117.1253049
 -130.43874479 -163.36867315 -212.91794173 -270.86556174]
Transport Water S
[    0.           309.00516446  1318.72248709  2711.91923188  3995.68752431
  4972.57872193  5348.36348775  5504.41228904  5575.44118876  5659.17257818
  5777.24756933  5890.36083972  5973.84500578  6006.17627185  5980.27042977
  5898.15059568  5745.44113645  5533.59397069  5279.40176784]
Transport Water E
[       0.           492744.97384926  1916798.77600442  3732002.12480835
  5467129.31043313  6648727.86542338  6904359.05547463  6974736.33042468
  7077248.81677035  7199970.38072504  7337959.75405147  7486972.69429592
  7643406.5661941   7806469.72629233  7974022.59177589  8143944.69160432
  8315655.70722685  8488848.88787806  8663092.21104948]
Transport Water W
[       0.           492699.66622475  1916703.56386541  3731895.22243126
  5467073.84960867  6648720.3071025   6904355.1177968   6974667.13210054
  7077096.71078158  7199673.41547728  7337475.76532568  7486301.55996049
  7642546.41471395  7805429.89879365  7972821.31645632  8142595.25167519
  8314181.81858959  8487269.83864926  8661422.36703096]
Water balance
[    0.           359.59251479  1475.86104142  2966.32211194  4422.25667996
  5394.38273161  5742.04792922  5774.48071717  5707.43022523  5587.39745529
  5478.35123063  5379.29687452  5256.21975762  5088.76327801  4896.1204151
  4679.14941134  4434.92117235  4167.46268362  3880.42331105]
Transport Tr N
[       0.          -218173.30591406  -579724.73527837  -841281.59298614
 -1134635.70542112 -1015340.19334364  -938124.20798964  -799567.12001537
  -668831.19776166  -526518.51890117  -429451.75155285  -370101.59239727
  -329334.30514666  -282034.09521481  -268684.76473255  -298980.48400202
  -375873.94268892  -492583.61782012  -629745.96436585]
Transport Tr S
[  0.00000000e+00   1.35580938e+08   4.03838776e+08   6.57495142e+08
   9.32781176e+08   1.00610164e+09   1.01896050e+09   1.01047872e+09
   9.25980876e+08   8.26556099e+08   7.58810345e+08   7.18060615e+08
   6.92988868e+08   6.68674812e+08   6.61399786e+08   6.81083385e+08
   7.11790884e+08   7.47413584e+08   7.82722991e+08]
Transport Tr E
[  0.00000000e+00   8.27314814e+09   3.24772069e+10   6.36440118e+10
   9.35014379e+10   1.14016869e+11   1.18555224e+11   1.19577619e+11
   1.20999095e+11   1.22772551e+11   1.24750174e+11   1.26942540e+11
   1.29355920e+11   1.31877293e+11   1.34470588e+11   1.37154884e+11
   1.39878996e+11   1.42653604e+11   1.45497120e+11]
Transport Tr W
[  0.00000000e+00   8.27487798e+09   3.24774807e+10   6.36428434e+10
   9.35037303e+10   1.14017934e+11   1.18555526e+11   1.19578003e+11
   1.20995918e+11   1.22765965e+11   1.24740756e+11   1.26928395e+11
   1.29337093e+11   1.31854578e+11   1.34443858e+11   1.37124882e+11
   1.39847171e+11   1.42619670e+11   1.45461366e+11]
Tr balance
[  0.00000000e+00   1.37528948e+08   4.04692223e+08   6.57168027e+08
   9.36208186e+08   1.00818190e+09   1.02019991e+09   1.01166205e+09
   9.23472303e+08   8.20496531e+08   7.49822441e+08   7.04285604e+08
   6.74491187e+08   6.46241771e+08   6.34938709e+08   6.51380182e+08
   6.80341961e+08   7.13972472e+08   7.47599201e+08]
