Transport Water N
[ nan  nan  nan  nan  nan  nan  nan  nan  nan  nan  nan  nan  nan  nan  nan
  nan  nan  nan  nan]
Transport Water S
[ nan  nan  nan  nan  nan  nan  nan  nan  nan  nan  nan  nan  nan  nan  nan
  nan  nan  nan  nan]
Transport Water E
[       0.           498071.01203477  1942650.93877577  3788172.16746298
  5552879.83906153  6759090.39751144  7027660.22397538  7107110.65995944
  7218842.19527932  7351314.5427582   7499144.75379277  7657060.44550472
  7821542.29527134  7991552.94601996  8165070.10865767  8339970.00818431
  8515548.86013462  8691768.59791268  8868541.35036125]
Transport Water W
[       0.           498071.17788177  1942651.57158334  3788173.90075395
  5552881.99637752  6759093.32841787  7027661.3571807   7107111.50570293
  7218844.25144548  7351315.29444785  7499145.12418801  7657063.15707188
  7821544.08932672  7991553.76295501  8165069.65621179  8339969.21230506
  8515549.16903686  8691769.62627456  8868543.09810621]
Water balance
[ 0.          0.16584701  0.63280757  1.73329097  2.15731599  2.93090643
  1.13320532  0.84574349  2.05616616  0.75168966  0.37039524  2.71156716
  1.79405537  0.81693506 -0.45244588 -0.79587924  0.30890224  1.02836188
  1.74774496]
Transport Tr N
[ nan  nan  nan  nan  nan  nan  nan  nan  nan  nan  nan  nan  nan  nan  nan
  nan  nan  nan  nan]
Transport Tr S
[ nan  nan  nan  nan  nan  nan  nan  nan  nan  nan  nan  nan  nan  nan  nan
  nan  nan  nan  nan]
Transport Tr E
[  0.00000000e+00   8.39415990e+09   3.29687283e+10   6.46104983e+10
   9.48374993e+10   1.15568662e+11   1.20108201e+11   1.21075046e+11
   1.22491650e+11   1.24321289e+11   1.26427282e+11   1.28766534e+11
   1.31328029e+11   1.33995466e+11   1.36727823e+11   1.39512311e+11
   1.42299968e+11   1.45107581e+11   1.47944246e+11]
Transport Tr W
[  0.00000000e+00   8.39697899e+09   3.29721954e+10   6.46131935e+10
   9.48427938e+10   1.15570646e+11   1.20108735e+11   1.21077034e+11
   1.22491603e+11   1.24320873e+11   1.26428226e+11   1.28767051e+11
   1.31328675e+11   1.33996255e+11   1.36727980e+11   1.39512311e+11
   1.42300680e+11   1.45108214e+11   1.47944889e+11]
Tr balance
[  0.00000000e+00   2.81908773e+06   3.46710606e+06   2.69527912e+06
   5.29448710e+06   1.98373006e+06   5.34428852e+05   1.98832556e+06
  -4.70618033e+04  -4.16101149e+05   9.44357739e+05   5.16473911e+05
   6.45859259e+05   7.88403165e+05   1.57099982e+05  -1.27040283e+02
   7.11652503e+05   6.33010029e+05   6.42566565e+05]
