Transport Water N
[    0.          -196.19883759  -523.17037918  -758.33647911 -1014.41295375
  -925.54338041  -862.15230916  -756.60153393  -647.24935533  -530.62969426
  -458.33133219  -405.81607847  -366.85566575  -324.97422021  -316.77534203
  -339.72260568  -400.80579234  -494.29740187  -603.28320597]
Transport Water S
[    0.          -196.19883759  -523.17037918  -758.33647911 -1014.41295375
  -925.54338041  -862.15230916  -756.60153393  -647.24935533  -530.62969426
  -458.33133219  -405.81607847  -366.85566575  -324.97422021  -316.77534203
  -339.72260568  -400.80579234  -494.29740187  -603.28320597]
Transport Water E
[       0.           489765.62159476  1905485.36826147  3710354.41340953
  5435621.79981889  6610464.52958038  6864392.05815043  6934023.57139706
  7035534.43227538  7157067.31578907  7293781.07622715  7441561.89357777
  7596748.11941384  7758553.20237692  7924831.76269737  8093411.31124638
  8263821.95358775  8435738.18311034  8608728.51623806]
Transport Water W
[       0.           489765.62159476  1905485.36826147  3710354.41340953
  5435621.79981889  6610464.52958038  6864392.05815043  6934023.57139706
  7035534.43227538  7157067.31578907  7293781.07622715  7441561.89357777
  7596748.11941384  7758553.20237692  7924831.76269737  8093411.31124638
  8263821.95358775  8435738.18311034  8608728.51623806]
Water balance
[ 0.  0.  0.  0.  0.  0.  0.  0.  0.  0.  0.  0.  0.  0.  0.  0.  0.  0.
  0.]
Transport Tr N
[       0.          -460154.29833988 -1248379.6291429  -1773471.59355477
 -2373564.328678   -2175593.76699957 -2033828.43177009 -1789045.22926795
 -1532987.85527534 -1257436.16419329 -1086241.88980651  -961768.16873316
  -869504.82653479  -770434.38143421  -751051.32479841  -805395.49950228
  -949823.65664188 -1170625.44088888 -1427831.42484703]
Transport Tr S
[       0.          -445522.70709176 -1188646.54559649 -1723959.32573193
 -2307487.57108032 -2106268.53402166 -1962908.11007465 -1723470.45960407
 -1474667.81779361 -1209453.2291803  -1045221.73937332  -925787.45754913
  -837666.59490231  -742588.31381467  -723893.29330441  -776848.64085601
  -917005.30377122 -1131241.7845134  -1380791.87083363]
Transport Tr E
[  0.00000000e+00   8.20937830e+09   3.22362270e+10   6.31927093e+10
   9.28629727e+10   1.13261719e+11   1.17787453e+11   1.18812344e+11
   1.20226790e+11   1.21987759e+11   1.23949561e+11   1.26123370e+11
   1.28518270e+11   1.31019096e+11   1.33591930e+11   1.36254378e+11
   1.38957032e+11   1.41710000e+11   1.44532298e+11]
Transport Tr W
[  0.00000000e+00   8.20936651e+09   3.22361632e+10   6.31925740e+10
   9.28626173e+10   1.13261413e+11   1.17787426e+11   1.18812444e+11
   1.20227292e+11   1.21987911e+11   1.23949677e+11   1.26123627e+11
   1.28518512e+11   1.31019357e+11   1.33592297e+11   1.36254871e+11
   1.38957641e+11   1.41710596e+11   1.44532960e+11]
Tr balance
[      0.            2847.75341892   -4066.21549988  -85843.6088562
 -289279.71325684 -236278.76739502   43272.61807251  165462.72271729
  560729.89155579  200201.66947937  157199.99810791  293136.12590027
  274354.4357605   289011.40618896  394065.16622925  520961.46496582
  642288.22525024  635539.29388428  709755.43710327]
