Transport Water N
[ nan  nan  nan  nan  nan  nan  nan  nan  nan  nan  nan  nan  nan  nan  nan
  nan  nan  nan  nan]
Transport Water S
[ nan  nan  nan  nan  nan  nan  nan  nan  nan  nan  nan  nan  nan  nan  nan
  nan  nan  nan  nan]
Transport Water E
[       0.           483692.81521509  1888822.24544079  3688618.74377063
  5417014.78369225  6611196.80727868  6892756.19202424  6987532.81512269
  7111703.32540154  7253294.72522324  7406243.12399813  7566885.56927886
  7732846.45981701  7902522.23373596  8074798.80375015  8248879.09251856
  8424179.53424734  8600267.03618138  8776816.50405264]
Transport Water W
[       0.           483692.82108764  1888822.25320044  3688618.74941896
  5417014.78693039  6611196.80982222  6892756.19581519  6987532.81636051
  7111703.32486564  7253294.73143823  7406243.1242387   7566885.56502301
  7732846.46032584  7902522.22952169  8074798.80213483  8248879.08371974
  8424179.53121065  8600267.03911496  8776816.50260285]
Water balance
[ 0.          0.00587255  0.00775966  0.00564833  0.00323814  0.00254353
  0.00379095  0.00123783 -0.0005359   0.00621499  0.00024057 -0.00425585
  0.00050883 -0.00421428 -0.00161532 -0.00879882 -0.00303669  0.00293358
 -0.00144979]
Transport Tr N
[ nan  nan  nan  nan  nan  nan  nan  nan  nan  nan  nan  nan  nan  nan  nan
  nan  nan  nan  nan]
Transport Tr S
[ nan  nan  nan  nan  nan  nan  nan  nan  nan  nan  nan  nan  nan  nan  nan
  nan  nan  nan  nan]
Transport Tr E
[  0.00000000e+00   7.99403192e+09   3.13939811e+10   6.15457054e+10
   9.05485763e+10   1.10672836e+11   1.15469998e+11   1.16936007e+11
   1.18823955e+11   1.20988916e+11   1.23348514e+11   1.25849685e+11
   1.28455157e+11   1.31137707e+11   1.33877566e+11   1.36659096e+11
   1.39470041e+11   1.42301699e+11   1.45147173e+11]
Transport Tr W
[  0.00000000e+00   7.99403709e+09   3.13939872e+10   6.15457018e+10
   9.05485781e+10   1.10672838e+11   1.15470005e+11   1.16936013e+11
   1.18823958e+11   1.20988920e+11   1.23348514e+11   1.25849673e+11
   1.28455138e+11   1.31137688e+11   1.33877547e+11   1.36659079e+11
   1.39470029e+11   1.42301688e+11   1.45147160e+11]
Tr balance
[     0.           5172.81631184   6078.30038071  -3620.27724457
   1774.3971405    2280.25268555   7917.99407959   6884.78321838
   2595.09747314   4040.69013977     63.54673767 -11644.50297546
 -18886.49108887 -18393.26097107 -19047.32745361 -17145.99998474
 -12513.65908813 -10839.79238892 -12033.21295166]
