Transport Water N
[ nan  nan  nan  nan  nan  nan  nan  nan  nan  nan  nan  nan  nan  nan  nan
  nan  nan  nan  nan]
Transport Water S
[  0.00000000e+00  -8.78998797e+02  -1.36884271e+03  -7.53918676e+02
  -4.61466014e+02   6.35511346e+02   9.12942370e+02   5.35058682e+02
   3.29654766e+02   2.02229884e+02   1.22357686e+02   7.14514356e+01
   3.84966597e+01   1.80787706e+01   6.16686346e+00  -1.00786551e-01
  -2.35955257e+00  -7.42965094e-01   3.89999937e+00]
Transport Water E
[       0.           483692.81521509  1888822.24544079  3688618.74377063
  5417014.78369225  6611196.80727868  6892756.19202424  6987532.81512269
  7111703.32540154  7253294.72522324  7406243.12399813  7566885.56927886
  7732846.45981701  7902522.23373596  8074798.80375015  8248879.09251856
  8424179.53424734  8600267.03618138  8776816.50405264]
Transport Water W
[       0.           483692.82108764  1888822.25320044  3688618.74941896
  5417014.78693039  6611196.80982222  6892756.19581519  6987532.81636051
  7111703.32486564  7253294.73143823  7406243.1242387   7566885.56502301
  7732846.46032584  7902522.22952169  8074798.80213483  8248879.08371974
  8424179.53121065  8600267.03911496  8776816.50260285]
Water balance
[ nan  nan  nan  nan  nan  nan  nan  nan  nan  nan  nan  nan  nan  nan  nan
  nan  nan  nan  nan]
Transport Tr N
[ nan  nan  nan  nan  nan  nan  nan  nan  nan  nan  nan  nan  nan  nan  nan
  nan  nan  nan  nan]
Transport Tr S
[  0.00000000e+00   1.89865610e+07   9.41289939e+07   1.95597414e+08
   2.73487070e+08   3.12869484e+08   2.63721252e+08   2.03043466e+08
   1.61306627e+08   1.32935732e+08   1.12833597e+08   9.84867364e+07
   8.83310337e+07   8.10069743e+07   7.56411825e+07   7.16921585e+07
   6.86875652e+07   6.63584883e+07   6.45496209e+07]
Transport Tr E
[  0.00000000e+00   7.99403192e+09   3.13939811e+10   6.15457054e+10
   9.05485763e+10   1.10672836e+11   1.15469998e+11   1.16936007e+11
   1.18823955e+11   1.20988916e+11   1.23348514e+11   1.25849685e+11
   1.28455157e+11   1.31137707e+11   1.33877566e+11   1.36659096e+11
   1.39470041e+11   1.42301699e+11   1.45147173e+11]
Transport Tr W
[  0.00000000e+00   7.99403709e+09   3.13939872e+10   6.15457018e+10
   9.05485781e+10   1.10672838e+11   1.15470005e+11   1.16936013e+11
   1.18823958e+11   1.20988920e+11   1.23348514e+11   1.25849673e+11
   1.28455138e+11   1.31137688e+11   1.33877547e+11   1.36659079e+11
   1.39470029e+11   1.42301688e+11   1.45147160e+11]
Tr balance
[ nan  nan  nan  nan  nan  nan  nan  nan  nan  nan  nan  nan  nan  nan  nan
  nan  nan  nan  nan]
