Transport Water N
[   0.          -95.88682357 -252.42032967 -360.64680044 -480.29630044
 -429.94681341 -396.06517769 -341.90815051 -285.74443562 -225.97454962
 -188.73999735 -161.61352441 -141.66638556 -120.61581173 -116.62446114
 -128.59527843 -160.11000436 -208.39646763 -264.88915785]
Transport Water S
[    0.           308.98954533  1318.66385589  2711.68618557  3996.89069647
  4972.02597926  5348.84945054  5504.12166898  5576.97682992  5663.61823848
  5787.10782429  5900.98769358  5985.93137229  6020.02799452  5995.51808588
  5914.36998818  5761.72085463  5549.45372807  5293.59460134]
Transport Water E
[       0.           492720.5583173   1916745.8727539   3731926.95129222
  5466986.28204243  6648537.29118191  6904108.13263123  6974446.37710712
  7076904.26126534  7199579.84030739  7337521.27371412  7486494.26110246
  7642859.40779132  7805878.77014851  7973431.71328338  8143330.77146314
  8315042.95359384  8488237.5571485   8662493.95695642]
Transport Water W
[       0.           492675.25787188  1916650.72901509  3731820.13286448
  5466930.01261144  6648529.95296819  6904104.20590677  6974377.93110836
  7076751.15973837  7199278.82542131  7337028.33397576  7485814.21099436
  7641989.49755265  7804827.90946591  7972216.92398603  8141967.24489932
  8313554.04640825  8486644.04914161  8660809.87464047]
Water balance
[    0.           359.57592348  1475.94044675  2965.51455828  4420.91756591
  5394.63457895  5740.98790377  5777.58382074  5709.61973856  5588.57790201
  5482.90808327  5382.55110989  5257.68751917  5089.78312367  4897.35324968
  4679.43870279  4432.92367341  4164.34218882  3874.40144324]
Transport Tr N
[       0.          -224897.03066305  -602244.38465102  -843220.51117944
 -1123854.40619636 -1010705.04676246  -934149.80108143  -808133.79893403
  -676422.00923102  -535179.71418682  -447081.52688497  -382888.17739018
  -335755.06423024  -286051.1268765   -276688.32660992  -305093.42965319
  -379657.36279438  -493746.71603771  -627120.57539817]
Transport Tr S
[  0.00000000e+00   1.35572638e+08   4.03900094e+08   6.57074384e+08
   9.31785939e+08   1.00838385e+09   1.01975638e+09   1.01274953e+09
   9.28209616e+08   8.26530479e+08   7.59437040e+08   7.18988256e+08
   6.91742466e+08   6.66776500e+08   6.60545894e+08   6.78679151e+08
   7.09036696e+08   7.44913383e+08   7.79650733e+08]
Transport Tr E
[  0.00000000e+00   8.27310362e+09   3.24772819e+10   6.36437531e+10
   9.35000629e+10   1.14014894e+11   1.18552800e+11   1.19575795e+11
   1.20997865e+11   1.22771083e+11   1.24748281e+11   1.26938854e+11
   1.29351276e+11   1.31870547e+11   1.34463134e+11   1.37145949e+11
   1.39868347e+11   1.42640912e+11   1.45482482e+11]
Transport Tr W
[  0.00000000e+00   8.27483373e+09   3.24775541e+10   6.36425906e+10
   9.35023338e+10   1.14015938e+11   1.18553120e+11   1.19576222e+11
   1.20994641e+11   1.22764344e+11   1.24738572e+11   1.26924390e+11
   1.29332169e+11   1.31847539e+11   1.34436038e+11   1.37115554e+11
   1.39836152e+11   1.42606645e+11   1.45446411e+11]
Tr balance
[  0.00000000e+00   1.37527639e+08   4.04774511e+08   6.56755106e+08
   9.35180705e+08   1.01043856e+09   1.02101093e+09   1.01398467e+09
   9.25661810e+08   8.20327037e+08   7.50175469e+08   7.04906869e+08
   6.72972074e+08   6.44054587e+08   6.33726562e+08   6.48589287e+08
   6.77221806e+08   7.11140088e+08   7.44207311e+08]
