Transport Water N
[  0.          -9.24454282 -14.82912775 -10.2306771   -8.7895898
   1.16643084   3.63604016   1.15008732   0.39901772   0.02378186
  -0.19951764  -0.32673849  -0.40590188  -0.45776665  -0.49462144
  -0.52277494  -0.53959752  -0.55129697  -0.56079299]
Transport Water S
[  0.          -6.71206633 -12.55031903 -11.27616171 -10.61570296
  -3.50210509   0.46041609  -0.25284385  -0.57474739  -0.75226487
  -0.86544177  -0.92467719  -0.96084062  -0.98258655  -1.0016333
  -1.01694266  -1.02415308  -1.02896224  -1.03412406]
Transport Water E
[       0.           483739.12191778  1889161.26744394  3688695.98094908
  5415193.78923828  6604982.68444966  6880169.37547776  6969031.14701967
  7087430.9891222   7223129.59299135  7369988.45783965  7524409.40762718
  7684003.76632798  7847274.5201657   8013259.9773408   8181314.86494172
  8351099.21238057  8522071.22326372  8693939.90002295]
Transport Water W
[       0.           483745.99689316  1889194.79016122  3688760.80777372
  5415291.01798443  6605105.8461255   6880300.36357905  6969170.05365692
  7087570.90115856  7223264.65287053  7370105.02769181  7524497.07483096
  7684039.83223142  7847239.24759525  8013132.35371882  8181074.51758847
  8350737.654941    8521575.33114788  8693298.27824064]
Water balance
[   0.            9.40745187   35.801526     63.78134004   95.40263298
  118.49313992  127.81247722  137.50370607  138.93827124  134.28383246
  115.90392802   87.06926508   35.5109647   -35.79739035 -128.13063385
 -240.84152098 -362.04199513 -496.36978111 -642.09511338]
Transport Tr N
[      0.          152439.04091356  350880.36380443  360989.58756928
  299234.19204817  140735.83282828  -44473.07295238  -47851.91889739
  -30018.93406201  -18752.37752073  -11538.71195185   -6606.07212507
   -3109.78486888    -573.84495292    1301.51912429    2719.9550798
    3840.82690938    4739.52982754    5458.15781131]
Transport Tr S
[  0.00000000e+00   2.21651582e+07   8.52946993e+07   1.56850602e+08
   2.03945138e+08   2.27400131e+08   2.41136100e+08   2.78246650e+08
   3.10298022e+08   3.36813550e+08   3.65202781e+08   3.91966575e+08
   4.14686675e+08   4.31160522e+08   4.33892538e+08   4.32802674e+08
   4.39115268e+08   4.44500051e+08   4.47686720e+08]
Transport Tr E
[  0.00000000e+00   7.99673706e+09   3.14227717e+10   6.16174167e+10
   9.06393711e+10   1.10722586e+11   1.15413743e+11   1.16781490e+11
   1.18581807e+11   1.20661815e+11   1.22938571e+11   1.25364257e+11
   1.27901904e+11   1.30521781e+11   1.33202413e+11   1.35922027e+11
   1.38678949e+11   1.41466596e+11   1.44276090e+11]
Transport Tr W
[  0.00000000e+00   7.99686119e+09   3.14235535e+10   6.16190324e+10
   9.06419456e+10   1.10726100e+11   1.15417573e+11   1.16785531e+11
   1.18585834e+11   1.20665640e+11   1.22941930e+11   1.25367080e+11
   1.27903822e+11   1.30522490e+11   1.33201669e+11   1.35919569e+11
   1.38674767e+11   1.41460581e+11   1.44267941e+11]
Tr balance
[  0.00000000e+00   2.21368531e+07   8.57256331e+07   1.58105287e+08
   2.06220441e+08   2.30773556e+08   2.45009816e+08   2.82335464e+08
   3.14355567e+08   3.40657313e+08   3.68572706e+08   3.94796280e+08
   4.16607804e+08   4.31869956e+08   4.33147882e+08   4.30342257e+08
   4.34928466e+08   4.38480198e+08   4.39532914e+08]
