Transport Water N
[  0.          -9.24454282 -14.82912775 -10.2306771   -8.7895898
   1.16643084   3.63604016   1.15008732   0.39901772   0.02378186
  -0.19951764  -0.32673849  -0.40590188  -0.45776665  -0.49462144
  -0.52277494  -0.53959752  -0.55129697  -0.56079299]
Transport Water S
[  0.00000000e+00  -8.78954132e+02  -1.36856561e+03  -7.53263712e+02
  -4.60536242e+02   6.36323430e+02   9.13709365e+02   5.35773037e+02
   3.30622702e+02   2.03357028e+02   1.23735006e+02   7.31162141e+01
   4.05874564e+01   2.04993931e+01   8.75702742e+00   2.59763249e+00
   5.11072263e-01   2.28385645e+00   7.11292305e+00]
Transport Water E
[       0.           483739.12191778  1889161.26744394  3688695.98094908
  5415193.78923828  6604982.68444966  6880169.37547776  6969031.14701967
  7087430.9891222   7223129.59299135  7369988.45783965  7524409.40762718
  7684003.76632798  7847274.5201657   8013259.9773408   8181314.86494172
  8351099.21238057  8522071.22326372  8693939.90002295]
Transport Water W
[       0.           483745.99689316  1889194.79016122  3688760.80777372
  5415291.01798443  6605105.8461255   6880300.36357905  6969170.05365692
  7087570.90115856  7223264.65287053  7370105.02769181  7524497.07483096
  7684039.83223142  7847239.24759525  8013132.35371882  8181074.51758847
  8350737.654941    8521575.33114788  8693298.27824064]
Water balance
[    0.          -862.8346136  -1320.21376749  -678.20621035  -354.51790654
   758.31867474  1041.06142591   673.52958715   470.13572097   338.39312562
   240.50437578   161.11015639    77.05926177   -14.31541075  -118.37197312
  -237.22694583  -360.50676979  -493.05696242  -633.94806626]
Transport Tr N
[      0.          152439.04091356  350880.36380443  360989.58756928
  299234.19204817  140735.83282828  -44473.07295238  -47851.91889739
  -30018.93406201  -18752.37752073  -11538.71195185   -6606.07212507
   -3109.78486888    -573.84495292    1301.51912429    2719.9550798
    3840.82690938    4739.52982754    5458.15781131]
Transport Tr S
[  0.00000000e+00   1.89867558e+07   9.41303806e+07   1.95620804e+08
   2.73544802e+08   3.12913784e+08   2.63807027e+08   2.03140523e+08
   1.61419529e+08   1.32976146e+08   1.12880605e+08   9.85131880e+07
   8.83712522e+07   8.11300507e+07   7.58271561e+07   7.18898582e+07
   6.88853736e+07   6.65595672e+07   6.47187778e+07]
Transport Tr E
[  0.00000000e+00   7.99673706e+09   3.14227717e+10   6.16174167e+10
   9.06393711e+10   1.10722586e+11   1.15413743e+11   1.16781490e+11
   1.18581807e+11   1.20661815e+11   1.22938571e+11   1.25364257e+11
   1.27901904e+11   1.30521781e+11   1.33202413e+11   1.35922027e+11
   1.38678949e+11   1.41466596e+11   1.44276090e+11]
Transport Tr W
[  0.00000000e+00   7.99686119e+09   3.14235535e+10   6.16190324e+10
   9.06419456e+10   1.10726100e+11   1.15417573e+11   1.16785531e+11
   1.18585834e+11   1.20665640e+11   1.22941930e+11   1.25367080e+11
   1.27903822e+11   1.30522490e+11   1.33201669e+11   1.35919569e+11
   1.38674767e+11   1.41460581e+11   1.44267941e+11]
Tr balance
[  0.00000000e+00   1.89584508e+07   9.45613144e+07   1.96875489e+08
   2.75820105e+08   3.16287209e+08   2.67680744e+08   2.07229337e+08
   1.65477073e+08   1.36819909e+08   1.16250529e+08   1.01342893e+08
   9.02923806e+07   8.18394843e+07   7.50825005e+07   6.94294416e+07
   6.46985720e+07   6.05397142e+07   5.65649713e+07]
