Transport Water N
[ nan  nan  nan  nan  nan  nan  nan  nan  nan  nan  nan  nan  nan  nan  nan
  nan  nan  nan  nan]
Transport Water S
[ nan  nan  nan  nan  nan  nan  nan  nan  nan  nan  nan  nan  nan  nan  nan
  nan  nan  nan  nan]
Transport Water E
[       0.           495078.77331679  1931055.06979156  3765621.15501703
  5519721.36246968  6718406.00679496  6984864.7637454   7063423.86247114
  7174099.48403108  7305398.39907165  7451995.22928699  7608690.76658724
  7771983.2231686   7940772.11309617  8113002.68089172  8286573.27155567
  8460845.8037946   8635784.63600149  8811285.5268846 ]
Transport Water W
[       0.           495078.77331679  1931055.06979156  3765621.15501703
  5519721.36246968  6718406.00679496  6984864.7637454   7063423.86247114
  7174099.48403108  7305398.39907165  7451995.22928699  7608690.76658724
  7771983.2231686   7940772.11309617  8113002.68089172  8286573.27155567
  8460845.8037946   8635784.63600149  8811285.5268846 ]
Water balance
[ 0.  0.  0.  0.  0.  0.  0.  0.  0.  0.  0.  0.  0.  0.  0.  0.  0.  0.
  0.]
Transport Tr N
[ nan  nan  nan  nan  nan  nan  nan  nan  nan  nan  nan  nan  nan  nan  nan
  nan  nan  nan  nan]
Transport Tr S
[ nan  nan  nan  nan  nan  nan  nan  nan  nan  nan  nan  nan  nan  nan  nan
  nan  nan  nan  nan]
Transport Tr E
[  0.00000000e+00   8.32938756e+09   3.27173499e+10   6.41295283e+10
   9.41469518e+10   1.14738301e+11   1.19253017e+11   1.20217496e+11
   1.21624251e+11   1.23442095e+11   1.25533578e+11   1.27856281e+11
   1.30401140e+11   1.33050781e+11   1.35763648e+11   1.38528013e+11
   1.41296125e+11   1.44084288e+11   1.46901741e+11]
Transport Tr W
[  0.00000000e+00   8.32937298e+09   3.27172769e+10   6.41293723e+10
   9.41465532e+10   1.14737929e+11   1.19252880e+11   1.20217467e+11
   1.21624606e+11   1.23442032e+11   1.25533431e+11   1.27856174e+11
   1.30400930e+11   1.33050529e+11   1.35763443e+11   1.38527868e+11
   1.41296065e+11   1.44084161e+11   1.46901591e+11]
Tr balance
[      0.          -14583.6818161   -73041.08418274 -155993.14692688
 -398574.12072754 -371528.84609985 -137048.53456116  -29890.91168213
  355162.79721069  -63325.6751709  -147012.85317993 -107093.7991333
 -210034.37312317 -252079.19638062 -205416.74742126 -145580.65844727
  -59683.58810425 -126838.38378906 -149620.5753479 ]
